{
 "cells": [
  {
   "cell_type": "markdown",
   "metadata": {},
   "source": [
    "Let's discover relations between natures and each agency."
   ]
  },
  {
   "cell_type": "code",
   "execution_count": 18,
   "metadata": {},
   "outputs": [],
   "source": [
    "import pandas as pd\n",
    "import numpy as np\n",
    "import matplotlib\n",
    "import matplotlib.pyplot as plt\n",
    "import math\n",
    "from random import randint \n",
    "from sklearn.ensemble import RandomForestRegressor\n",
    "from sklearn import model_selection\n",
    "from sklearn.metrics import mean_squared_error"
   ]
  },
  {
   "cell_type": "markdown",
   "metadata": {},
   "source": [
    "# Load data\n",
    "Clean it and save the cleaned version."
   ]
  },
  {
   "cell_type": "code",
   "execution_count": 6,
   "metadata": {},
   "outputs": [
    {
     "name": "stderr",
     "output_type": "stream",
     "text": [
      "/home/oana/anaconda3/lib/python3.6/site-packages/IPython/core/interactiveshell.py:2785: DtypeWarning: Columns (4) have mixed types. Specify dtype option on import or set low_memory=False.\n",
      "  interactivity=interactivity, compiler=compiler, result=result)\n"
     ]
    }
   ],
   "source": [
    "# calls = pd.read_csv('../data/callsforservicefiltered.csv')\n",
    "# calls = calls[calls.rptonly != True]\n",
    "# calls = calls[calls.cancelled != True]\n",
    "# calls = calls[calls.nature != 'TRANSPORT TO ANIMAL SHELTER']\n",
    "# calls['calltime'] = pd.to_datetime(calls.calltime)\n",
    "# calls['year'] = calls.calltime.apply(lambda x: x.date().year)\n",
    "# calls['month'] = calls.calltime.apply(lambda x: x.date().month)\n",
    "# calls['dayOfMonth'] = calls.calltime.apply(lambda x: x.date().day)\n",
    "# calls['hour'] = calls.calltime.apply(lambda x: x.time().hour)\n",
    "# calls = calls.rename(columns={'calldow' : 'dayOfWeek'})\n",
    "# calls = calls.drop(columns = ['timeclose', 'calltime'], axis = 1)\n",
    "# calls = calls.drop(columns = ['statbeat','ra'])\n",
    "# calls['actualnature'] = [x['nature2'] if x['nature'] is np.nan and x['nature']!=x['nature2']\n",
    "#                         else x['nature'] for i,x in calls.iterrows()]\n",
    "# calls = calls.drop(columns = ['nature','nature2'])\n",
    "# calls = calls.rename(columns={'actualnature' : 'nature'})\n",
    "\n",
    "# calls.to_csv('../data/cleaned_callsforservicefiltered.csv', sep='\\t', index=False)"
   ]
  },
  {
   "cell_type": "markdown",
   "metadata": {},
   "source": [
    "Let's split the data into 4 data sets based on the 4 agencies."
   ]
  },
  {
   "cell_type": "code",
   "execution_count": 43,
   "metadata": {},
   "outputs": [],
   "source": [
    "filtered_calls = pd.read_csv('../data/cleaned_callsforservicefiltered.csv', sep='\\t')"
   ]
  },
  {
   "cell_type": "markdown",
   "metadata": {},
   "source": [
    "## Predict time needed for crew to stabilise the person since the moment of arrival to the moment of transport\n",
    "\n",
    "## Data Preping\n",
    "First, let's see the correlation between all the features. Since we will use linear regression to predict the time, we have to eliminate correlated variables in order to improve the skill of the model."
   ]
  },
  {
   "cell_type": "code",
   "execution_count": 44,
   "metadata": {},
   "outputs": [],
   "source": [
    "def string_to_numbers(input, column_name):\n",
    "        \n",
    "    mapped_list = []\n",
    "    mapping = dict()    \n",
    "    for x in input[column_name].unique():\n",
    "        mapping[x] = randint(1, 1000000)        \n",
    "    for i in input.index:\n",
    "        mapped_list.append(mapping[input.at[i, column_name]])\n",
    "    return mapped_list"
   ]
  },
  {
   "cell_type": "code",
   "execution_count": 45,
   "metadata": {},
   "outputs": [],
   "source": [
    "filtered_calls['callsource_no'] = string_to_numbers(filtered_calls, 'callsource')\n",
    "filtered_calls['city_no'] = string_to_numbers(filtered_calls, 'city')\n",
    "filtered_calls['service_no'] = string_to_numbers(filtered_calls, 'service')\n",
    "filtered_calls['agency_no'] = string_to_numbers(filtered_calls, 'agency')\n",
    "filtered_calls['district_no'] = string_to_numbers(filtered_calls, 'district')\n",
    "filtered_calls['gp_no'] = string_to_numbers(filtered_calls, 'gp')\n",
    "filtered_calls['primeunit_no'] = string_to_numbers(filtered_calls, 'primeunit')\n",
    "filtered_calls['firstdisp_no'] = string_to_numbers(filtered_calls, 'firstdisp')\n",
    "filtered_calls['nature_no'] = string_to_numbers(filtered_calls, 'nature')\n",
    "filtered_calls.replace({'priority': 'P'}, value=10, inplace=True)\n",
    "filtered_calls.dropna(inplace=True)\n",
    "filtered_calls.drop(columns=['year'], inplace=True)"
   ]
  },
  {
   "cell_type": "markdown",
   "metadata": {},
   "source": [
    "## Log Transformation\n",
    "Let's bring all the numerical value into the same range by logarithmizing those values."
   ]
  },
  {
   "cell_type": "code",
   "execution_count": 46,
   "metadata": {},
   "outputs": [
    {
     "name": "stdout",
     "output_type": "stream",
     "text": [
      "Index(['callsource', 'city', 'priority', 'rptonly', 'service', 'agency',\n",
      "       'district', 'gp', 'primeunit', 'cancelled', 'closecode', 'dayOfWeek',\n",
      "       'secs2rt', 'secs2di', 'secs2en', 'secs2ar', 'secs2tr', 'secs2lc',\n",
      "       'secsdi2en', 'secsdi2ar', 'secsar2tr', 'secsar2lc', 'secsrt2dsp',\n",
      "       'secstr2lc', 'firstdisp', 'month', 'dayOfMonth', 'hour', 'nature',\n",
      "       'callsource_no', 'city_no', 'service_no', 'agency_no', 'district_no',\n",
      "       'gp_no', 'primeunit_no', 'firstdisp_no', 'nature_no'],\n",
      "      dtype='object')\n"
     ]
    }
   ],
   "source": [
    "print(filtered_calls.columns)\n",
    "filtered_calls.secs2rt = filtered_calls.secs2rt.apply(np.log)\n",
    "filtered_calls.secs2di = filtered_calls.secs2di.apply(np.log)\n",
    "filtered_calls.secs2en = filtered_calls.secs2en.apply(np.log)\n",
    "filtered_calls.secs2ar = filtered_calls.secs2ar.apply(np.log)\n",
    "filtered_calls.secs2tr = filtered_calls.secs2tr.apply(np.log)\n",
    "filtered_calls.secs2lc = filtered_calls.secs2lc.apply(np.log)\n",
    "filtered_calls.secsdi2en = filtered_calls.secsdi2en.apply(np.log)\n",
    "filtered_calls.secsdi2ar = filtered_calls.secsdi2ar.apply(np.log)\n",
    "filtered_calls.secsar2tr = filtered_calls.secsar2tr.apply(np.log)\n",
    "filtered_calls.secsar2lc = filtered_calls.secsar2lc.apply(np.log)\n",
    "filtered_calls.secsrt2dsp = filtered_calls.secsrt2dsp.apply(np.log)\n",
    "filtered_calls.secstr2lc = filtered_calls.secstr2lc.apply(np.log)"
   ]
  },
  {
   "cell_type": "markdown",
   "metadata": {},
   "source": [
    "Apparently during log transf, we got some values that are set to infinity when input to log is 0. Substitute those values with 0."
   ]
  },
  {
   "cell_type": "code",
   "execution_count": 47,
   "metadata": {},
   "outputs": [
    {
     "name": "stdout",
     "output_type": "stream",
     "text": [
      "982896\n"
     ]
    }
   ],
   "source": [
    "filtered_calls.replace([np.inf, -np.inf], 0, inplace=True)\n",
    "print(len(filtered_calls))"
   ]
  },
  {
   "cell_type": "code",
   "execution_count": 24,
   "metadata": {},
   "outputs": [
    {
     "data": {
      "text/html": [
       "<div>\n",
       "<style scoped>\n",
       "    .dataframe tbody tr th:only-of-type {\n",
       "        vertical-align: middle;\n",
       "    }\n",
       "\n",
       "    .dataframe tbody tr th {\n",
       "        vertical-align: top;\n",
       "    }\n",
       "\n",
       "    .dataframe thead th {\n",
       "        text-align: right;\n",
       "    }\n",
       "</style>\n",
       "<table border=\"1\" class=\"dataframe\">\n",
       "  <thead>\n",
       "    <tr style=\"text-align: right;\">\n",
       "      <th></th>\n",
       "      <th>dayOfWeek</th>\n",
       "      <th>secs2rt</th>\n",
       "      <th>secs2di</th>\n",
       "      <th>secs2en</th>\n",
       "      <th>secs2ar</th>\n",
       "      <th>secs2tr</th>\n",
       "      <th>secsdi2en</th>\n",
       "      <th>secsdi2ar</th>\n",
       "      <th>secsar2tr</th>\n",
       "      <th>secsrt2dsp</th>\n",
       "      <th>...</th>\n",
       "      <th>hour</th>\n",
       "      <th>callsource_no</th>\n",
       "      <th>city_no</th>\n",
       "      <th>service_no</th>\n",
       "      <th>agency_no</th>\n",
       "      <th>district_no</th>\n",
       "      <th>gp_no</th>\n",
       "      <th>primeunit_no</th>\n",
       "      <th>firstdisp_no</th>\n",
       "      <th>nature_no</th>\n",
       "    </tr>\n",
       "  </thead>\n",
       "  <tbody>\n",
       "    <tr>\n",
       "      <th>dayOfWeek</th>\n",
       "      <td>1.000000</td>\n",
       "      <td>-0.022174</td>\n",
       "      <td>-0.019123</td>\n",
       "      <td>-0.021256</td>\n",
       "      <td>-0.031440</td>\n",
       "      <td>-0.016080</td>\n",
       "      <td>-0.030013</td>\n",
       "      <td>-0.034255</td>\n",
       "      <td>-0.016963</td>\n",
       "      <td>-0.012596</td>\n",
       "      <td>...</td>\n",
       "      <td>0.007878</td>\n",
       "      <td>0.000169</td>\n",
       "      <td>-0.001213</td>\n",
       "      <td>0.021637</td>\n",
       "      <td>0.005367</td>\n",
       "      <td>-0.006050</td>\n",
       "      <td>-0.002966</td>\n",
       "      <td>0.006795</td>\n",
       "      <td>0.011135</td>\n",
       "      <td>-0.026042</td>\n",
       "    </tr>\n",
       "    <tr>\n",
       "      <th>secs2rt</th>\n",
       "      <td>-0.022174</td>\n",
       "      <td>1.000000</td>\n",
       "      <td>0.831739</td>\n",
       "      <td>0.686076</td>\n",
       "      <td>0.617688</td>\n",
       "      <td>0.364503</td>\n",
       "      <td>0.425523</td>\n",
       "      <td>0.566538</td>\n",
       "      <td>0.361007</td>\n",
       "      <td>0.678129</td>\n",
       "      <td>...</td>\n",
       "      <td>0.075426</td>\n",
       "      <td>-0.047073</td>\n",
       "      <td>0.043227</td>\n",
       "      <td>-0.447829</td>\n",
       "      <td>0.257163</td>\n",
       "      <td>-0.042600</td>\n",
       "      <td>0.056387</td>\n",
       "      <td>0.004889</td>\n",
       "      <td>0.020142</td>\n",
       "      <td>0.069001</td>\n",
       "    </tr>\n",
       "    <tr>\n",
       "      <th>secs2di</th>\n",
       "      <td>-0.019123</td>\n",
       "      <td>0.831739</td>\n",
       "      <td>1.000000</td>\n",
       "      <td>0.882132</td>\n",
       "      <td>0.777873</td>\n",
       "      <td>0.402144</td>\n",
       "      <td>0.568362</td>\n",
       "      <td>0.709486</td>\n",
       "      <td>0.391566</td>\n",
       "      <td>0.955390</td>\n",
       "      <td>...</td>\n",
       "      <td>0.103633</td>\n",
       "      <td>-0.002071</td>\n",
       "      <td>0.056848</td>\n",
       "      <td>-0.550589</td>\n",
       "      <td>0.077411</td>\n",
       "      <td>-0.025463</td>\n",
       "      <td>0.066535</td>\n",
       "      <td>0.017731</td>\n",
       "      <td>0.020045</td>\n",
       "      <td>0.115653</td>\n",
       "    </tr>\n",
       "    <tr>\n",
       "      <th>secs2en</th>\n",
       "      <td>-0.021256</td>\n",
       "      <td>0.686076</td>\n",
       "      <td>0.882132</td>\n",
       "      <td>1.000000</td>\n",
       "      <td>0.770662</td>\n",
       "      <td>0.396102</td>\n",
       "      <td>0.785153</td>\n",
       "      <td>0.756139</td>\n",
       "      <td>0.388878</td>\n",
       "      <td>0.857922</td>\n",
       "      <td>...</td>\n",
       "      <td>0.088526</td>\n",
       "      <td>-0.001698</td>\n",
       "      <td>0.049373</td>\n",
       "      <td>-0.539725</td>\n",
       "      <td>-0.080272</td>\n",
       "      <td>0.014525</td>\n",
       "      <td>0.063267</td>\n",
       "      <td>0.015028</td>\n",
       "      <td>0.014232</td>\n",
       "      <td>0.107323</td>\n",
       "    </tr>\n",
       "    <tr>\n",
       "      <th>secs2ar</th>\n",
       "      <td>-0.031440</td>\n",
       "      <td>0.617688</td>\n",
       "      <td>0.777873</td>\n",
       "      <td>0.770662</td>\n",
       "      <td>1.000000</td>\n",
       "      <td>0.414445</td>\n",
       "      <td>0.603584</td>\n",
       "      <td>0.974437</td>\n",
       "      <td>0.410633</td>\n",
       "      <td>0.742509</td>\n",
       "      <td>...</td>\n",
       "      <td>0.076430</td>\n",
       "      <td>0.002223</td>\n",
       "      <td>0.046222</td>\n",
       "      <td>-0.522645</td>\n",
       "      <td>-0.060257</td>\n",
       "      <td>0.047294</td>\n",
       "      <td>0.053653</td>\n",
       "      <td>-0.000502</td>\n",
       "      <td>0.013059</td>\n",
       "      <td>0.140229</td>\n",
       "    </tr>\n",
       "    <tr>\n",
       "      <th>secs2tr</th>\n",
       "      <td>-0.016080</td>\n",
       "      <td>0.364503</td>\n",
       "      <td>0.402144</td>\n",
       "      <td>0.396102</td>\n",
       "      <td>0.414445</td>\n",
       "      <td>1.000000</td>\n",
       "      <td>0.263150</td>\n",
       "      <td>0.405639</td>\n",
       "      <td>0.998761</td>\n",
       "      <td>0.394182</td>\n",
       "      <td>...</td>\n",
       "      <td>0.002510</td>\n",
       "      <td>0.031507</td>\n",
       "      <td>-0.029748</td>\n",
       "      <td>-0.662253</td>\n",
       "      <td>0.241442</td>\n",
       "      <td>0.096237</td>\n",
       "      <td>0.052205</td>\n",
       "      <td>0.034906</td>\n",
       "      <td>0.077104</td>\n",
       "      <td>0.012510</td>\n",
       "    </tr>\n",
       "    <tr>\n",
       "      <th>secsdi2en</th>\n",
       "      <td>-0.030013</td>\n",
       "      <td>0.425523</td>\n",
       "      <td>0.568362</td>\n",
       "      <td>0.785153</td>\n",
       "      <td>0.603584</td>\n",
       "      <td>0.263150</td>\n",
       "      <td>1.000000</td>\n",
       "      <td>0.637428</td>\n",
       "      <td>0.268322</td>\n",
       "      <td>0.530933</td>\n",
       "      <td>...</td>\n",
       "      <td>0.040974</td>\n",
       "      <td>-0.004744</td>\n",
       "      <td>0.048300</td>\n",
       "      <td>-0.415278</td>\n",
       "      <td>-0.268946</td>\n",
       "      <td>0.054255</td>\n",
       "      <td>0.047886</td>\n",
       "      <td>-0.008271</td>\n",
       "      <td>-0.000682</td>\n",
       "      <td>0.085628</td>\n",
       "    </tr>\n",
       "    <tr>\n",
       "      <th>secsdi2ar</th>\n",
       "      <td>-0.034255</td>\n",
       "      <td>0.566538</td>\n",
       "      <td>0.709486</td>\n",
       "      <td>0.756139</td>\n",
       "      <td>0.974437</td>\n",
       "      <td>0.405639</td>\n",
       "      <td>0.637428</td>\n",
       "      <td>1.000000</td>\n",
       "      <td>0.406508</td>\n",
       "      <td>0.673674</td>\n",
       "      <td>...</td>\n",
       "      <td>0.067986</td>\n",
       "      <td>0.000791</td>\n",
       "      <td>0.041599</td>\n",
       "      <td>-0.528421</td>\n",
       "      <td>-0.073717</td>\n",
       "      <td>0.066845</td>\n",
       "      <td>0.056193</td>\n",
       "      <td>-0.008378</td>\n",
       "      <td>0.014124</td>\n",
       "      <td>0.132852</td>\n",
       "    </tr>\n",
       "    <tr>\n",
       "      <th>secsar2tr</th>\n",
       "      <td>-0.016963</td>\n",
       "      <td>0.361007</td>\n",
       "      <td>0.391566</td>\n",
       "      <td>0.388878</td>\n",
       "      <td>0.410633</td>\n",
       "      <td>0.998761</td>\n",
       "      <td>0.268322</td>\n",
       "      <td>0.406508</td>\n",
       "      <td>1.000000</td>\n",
       "      <td>0.380555</td>\n",
       "      <td>...</td>\n",
       "      <td>0.001023</td>\n",
       "      <td>0.031198</td>\n",
       "      <td>-0.029954</td>\n",
       "      <td>-0.661873</td>\n",
       "      <td>0.241517</td>\n",
       "      <td>0.098405</td>\n",
       "      <td>0.052425</td>\n",
       "      <td>0.032599</td>\n",
       "      <td>0.076747</td>\n",
       "      <td>0.012119</td>\n",
       "    </tr>\n",
       "    <tr>\n",
       "      <th>secsrt2dsp</th>\n",
       "      <td>-0.012596</td>\n",
       "      <td>0.678129</td>\n",
       "      <td>0.955390</td>\n",
       "      <td>0.857922</td>\n",
       "      <td>0.742509</td>\n",
       "      <td>0.394182</td>\n",
       "      <td>0.530933</td>\n",
       "      <td>0.673674</td>\n",
       "      <td>0.380555</td>\n",
       "      <td>1.000000</td>\n",
       "      <td>...</td>\n",
       "      <td>0.106257</td>\n",
       "      <td>0.017107</td>\n",
       "      <td>0.051769</td>\n",
       "      <td>-0.539792</td>\n",
       "      <td>0.029785</td>\n",
       "      <td>-0.014852</td>\n",
       "      <td>0.064811</td>\n",
       "      <td>0.023240</td>\n",
       "      <td>0.020399</td>\n",
       "      <td>0.100926</td>\n",
       "    </tr>\n",
       "    <tr>\n",
       "      <th>month</th>\n",
       "      <td>-0.002939</td>\n",
       "      <td>0.004359</td>\n",
       "      <td>0.001899</td>\n",
       "      <td>0.005297</td>\n",
       "      <td>-0.000990</td>\n",
       "      <td>-0.003834</td>\n",
       "      <td>0.003561</td>\n",
       "      <td>-0.000364</td>\n",
       "      <td>-0.003492</td>\n",
       "      <td>0.001258</td>\n",
       "      <td>...</td>\n",
       "      <td>0.004520</td>\n",
       "      <td>0.000705</td>\n",
       "      <td>-0.003082</td>\n",
       "      <td>0.000427</td>\n",
       "      <td>0.003968</td>\n",
       "      <td>-0.001143</td>\n",
       "      <td>0.000983</td>\n",
       "      <td>-0.000548</td>\n",
       "      <td>-0.002789</td>\n",
       "      <td>0.001048</td>\n",
       "    </tr>\n",
       "    <tr>\n",
       "      <th>dayOfMonth</th>\n",
       "      <td>0.002000</td>\n",
       "      <td>-0.002719</td>\n",
       "      <td>-0.004966</td>\n",
       "      <td>-0.003297</td>\n",
       "      <td>-0.002771</td>\n",
       "      <td>0.000562</td>\n",
       "      <td>-0.000342</td>\n",
       "      <td>-0.001880</td>\n",
       "      <td>0.000586</td>\n",
       "      <td>-0.004782</td>\n",
       "      <td>...</td>\n",
       "      <td>0.002132</td>\n",
       "      <td>-0.003004</td>\n",
       "      <td>-0.000333</td>\n",
       "      <td>0.001875</td>\n",
       "      <td>0.002294</td>\n",
       "      <td>0.000897</td>\n",
       "      <td>0.000224</td>\n",
       "      <td>0.000596</td>\n",
       "      <td>0.000041</td>\n",
       "      <td>-0.004044</td>\n",
       "    </tr>\n",
       "    <tr>\n",
       "      <th>hour</th>\n",
       "      <td>0.007878</td>\n",
       "      <td>0.075426</td>\n",
       "      <td>0.103633</td>\n",
       "      <td>0.088526</td>\n",
       "      <td>0.076430</td>\n",
       "      <td>0.002510</td>\n",
       "      <td>0.040974</td>\n",
       "      <td>0.067986</td>\n",
       "      <td>0.001023</td>\n",
       "      <td>0.106257</td>\n",
       "      <td>...</td>\n",
       "      <td>1.000000</td>\n",
       "      <td>-0.009008</td>\n",
       "      <td>0.027542</td>\n",
       "      <td>-0.024343</td>\n",
       "      <td>-0.018867</td>\n",
       "      <td>-0.018012</td>\n",
       "      <td>0.000019</td>\n",
       "      <td>0.002309</td>\n",
       "      <td>-0.017523</td>\n",
       "      <td>0.033406</td>\n",
       "    </tr>\n",
       "    <tr>\n",
       "      <th>callsource_no</th>\n",
       "      <td>0.000169</td>\n",
       "      <td>-0.047073</td>\n",
       "      <td>-0.002071</td>\n",
       "      <td>-0.001698</td>\n",
       "      <td>0.002223</td>\n",
       "      <td>0.031507</td>\n",
       "      <td>-0.004744</td>\n",
       "      <td>0.000791</td>\n",
       "      <td>0.031198</td>\n",
       "      <td>0.017107</td>\n",
       "      <td>...</td>\n",
       "      <td>-0.009008</td>\n",
       "      <td>1.000000</td>\n",
       "      <td>-0.045341</td>\n",
       "      <td>-0.011748</td>\n",
       "      <td>-0.014540</td>\n",
       "      <td>0.045779</td>\n",
       "      <td>0.031040</td>\n",
       "      <td>-0.007134</td>\n",
       "      <td>-0.005692</td>\n",
       "      <td>-0.010963</td>\n",
       "    </tr>\n",
       "    <tr>\n",
       "      <th>city_no</th>\n",
       "      <td>-0.001213</td>\n",
       "      <td>0.043227</td>\n",
       "      <td>0.056848</td>\n",
       "      <td>0.049373</td>\n",
       "      <td>0.046222</td>\n",
       "      <td>-0.029748</td>\n",
       "      <td>0.048300</td>\n",
       "      <td>0.041599</td>\n",
       "      <td>-0.029954</td>\n",
       "      <td>0.051769</td>\n",
       "      <td>...</td>\n",
       "      <td>0.027542</td>\n",
       "      <td>-0.045341</td>\n",
       "      <td>1.000000</td>\n",
       "      <td>0.054190</td>\n",
       "      <td>-0.039917</td>\n",
       "      <td>-0.248565</td>\n",
       "      <td>-0.172707</td>\n",
       "      <td>0.010279</td>\n",
       "      <td>0.001051</td>\n",
       "      <td>0.017139</td>\n",
       "    </tr>\n",
       "    <tr>\n",
       "      <th>service_no</th>\n",
       "      <td>0.021637</td>\n",
       "      <td>-0.447829</td>\n",
       "      <td>-0.550589</td>\n",
       "      <td>-0.539725</td>\n",
       "      <td>-0.522645</td>\n",
       "      <td>-0.662253</td>\n",
       "      <td>-0.415278</td>\n",
       "      <td>-0.528421</td>\n",
       "      <td>-0.661873</td>\n",
       "      <td>-0.539792</td>\n",
       "      <td>...</td>\n",
       "      <td>-0.024343</td>\n",
       "      <td>-0.011748</td>\n",
       "      <td>0.054190</td>\n",
       "      <td>1.000000</td>\n",
       "      <td>-0.318793</td>\n",
       "      <td>-0.173003</td>\n",
       "      <td>-0.079428</td>\n",
       "      <td>-0.026866</td>\n",
       "      <td>-0.122629</td>\n",
       "      <td>-0.012185</td>\n",
       "    </tr>\n",
       "    <tr>\n",
       "      <th>agency_no</th>\n",
       "      <td>0.005367</td>\n",
       "      <td>0.257163</td>\n",
       "      <td>0.077411</td>\n",
       "      <td>-0.080272</td>\n",
       "      <td>-0.060257</td>\n",
       "      <td>0.241442</td>\n",
       "      <td>-0.268946</td>\n",
       "      <td>-0.073717</td>\n",
       "      <td>0.241517</td>\n",
       "      <td>0.029785</td>\n",
       "      <td>...</td>\n",
       "      <td>-0.018867</td>\n",
       "      <td>-0.014540</td>\n",
       "      <td>-0.039917</td>\n",
       "      <td>-0.318793</td>\n",
       "      <td>1.000000</td>\n",
       "      <td>-0.074379</td>\n",
       "      <td>0.010961</td>\n",
       "      <td>0.006195</td>\n",
       "      <td>0.067975</td>\n",
       "      <td>-0.059892</td>\n",
       "    </tr>\n",
       "    <tr>\n",
       "      <th>district_no</th>\n",
       "      <td>-0.006050</td>\n",
       "      <td>-0.042600</td>\n",
       "      <td>-0.025463</td>\n",
       "      <td>0.014525</td>\n",
       "      <td>0.047294</td>\n",
       "      <td>0.096237</td>\n",
       "      <td>0.054255</td>\n",
       "      <td>0.066845</td>\n",
       "      <td>0.098405</td>\n",
       "      <td>-0.014852</td>\n",
       "      <td>...</td>\n",
       "      <td>-0.018012</td>\n",
       "      <td>0.045779</td>\n",
       "      <td>-0.248565</td>\n",
       "      <td>-0.173003</td>\n",
       "      <td>-0.074379</td>\n",
       "      <td>1.000000</td>\n",
       "      <td>0.122722</td>\n",
       "      <td>0.017578</td>\n",
       "      <td>0.026739</td>\n",
       "      <td>-0.026143</td>\n",
       "    </tr>\n",
       "    <tr>\n",
       "      <th>gp_no</th>\n",
       "      <td>-0.002966</td>\n",
       "      <td>0.056387</td>\n",
       "      <td>0.066535</td>\n",
       "      <td>0.063267</td>\n",
       "      <td>0.053653</td>\n",
       "      <td>0.052205</td>\n",
       "      <td>0.047886</td>\n",
       "      <td>0.056193</td>\n",
       "      <td>0.052425</td>\n",
       "      <td>0.064811</td>\n",
       "      <td>...</td>\n",
       "      <td>0.000019</td>\n",
       "      <td>0.031040</td>\n",
       "      <td>-0.172707</td>\n",
       "      <td>-0.079428</td>\n",
       "      <td>0.010961</td>\n",
       "      <td>0.122722</td>\n",
       "      <td>1.000000</td>\n",
       "      <td>-0.034982</td>\n",
       "      <td>0.011773</td>\n",
       "      <td>0.001814</td>\n",
       "    </tr>\n",
       "    <tr>\n",
       "      <th>primeunit_no</th>\n",
       "      <td>0.006795</td>\n",
       "      <td>0.004889</td>\n",
       "      <td>0.017731</td>\n",
       "      <td>0.015028</td>\n",
       "      <td>-0.000502</td>\n",
       "      <td>0.034906</td>\n",
       "      <td>-0.008271</td>\n",
       "      <td>-0.008378</td>\n",
       "      <td>0.032599</td>\n",
       "      <td>0.023240</td>\n",
       "      <td>...</td>\n",
       "      <td>0.002309</td>\n",
       "      <td>-0.007134</td>\n",
       "      <td>0.010279</td>\n",
       "      <td>-0.026866</td>\n",
       "      <td>0.006195</td>\n",
       "      <td>0.017578</td>\n",
       "      <td>-0.034982</td>\n",
       "      <td>1.000000</td>\n",
       "      <td>0.006410</td>\n",
       "      <td>-0.019384</td>\n",
       "    </tr>\n",
       "    <tr>\n",
       "      <th>firstdisp_no</th>\n",
       "      <td>0.011135</td>\n",
       "      <td>0.020142</td>\n",
       "      <td>0.020045</td>\n",
       "      <td>0.014232</td>\n",
       "      <td>0.013059</td>\n",
       "      <td>0.077104</td>\n",
       "      <td>-0.000682</td>\n",
       "      <td>0.014124</td>\n",
       "      <td>0.076747</td>\n",
       "      <td>0.020399</td>\n",
       "      <td>...</td>\n",
       "      <td>-0.017523</td>\n",
       "      <td>-0.005692</td>\n",
       "      <td>0.001051</td>\n",
       "      <td>-0.122629</td>\n",
       "      <td>0.067975</td>\n",
       "      <td>0.026739</td>\n",
       "      <td>0.011773</td>\n",
       "      <td>0.006410</td>\n",
       "      <td>1.000000</td>\n",
       "      <td>-0.011170</td>\n",
       "    </tr>\n",
       "    <tr>\n",
       "      <th>nature_no</th>\n",
       "      <td>-0.026042</td>\n",
       "      <td>0.069001</td>\n",
       "      <td>0.115653</td>\n",
       "      <td>0.107323</td>\n",
       "      <td>0.140229</td>\n",
       "      <td>0.012510</td>\n",
       "      <td>0.085628</td>\n",
       "      <td>0.132852</td>\n",
       "      <td>0.012119</td>\n",
       "      <td>0.100926</td>\n",
       "      <td>...</td>\n",
       "      <td>0.033406</td>\n",
       "      <td>-0.010963</td>\n",
       "      <td>0.017139</td>\n",
       "      <td>-0.012185</td>\n",
       "      <td>-0.059892</td>\n",
       "      <td>-0.026143</td>\n",
       "      <td>0.001814</td>\n",
       "      <td>-0.019384</td>\n",
       "      <td>-0.011170</td>\n",
       "      <td>1.000000</td>\n",
       "    </tr>\n",
       "  </tbody>\n",
       "</table>\n",
       "<p>22 rows × 22 columns</p>\n",
       "</div>"
      ],
      "text/plain": [
       "               dayOfWeek   secs2rt   secs2di   secs2en   secs2ar   secs2tr  \\\n",
       "dayOfWeek       1.000000 -0.022174 -0.019123 -0.021256 -0.031440 -0.016080   \n",
       "secs2rt        -0.022174  1.000000  0.831739  0.686076  0.617688  0.364503   \n",
       "secs2di        -0.019123  0.831739  1.000000  0.882132  0.777873  0.402144   \n",
       "secs2en        -0.021256  0.686076  0.882132  1.000000  0.770662  0.396102   \n",
       "secs2ar        -0.031440  0.617688  0.777873  0.770662  1.000000  0.414445   \n",
       "secs2tr        -0.016080  0.364503  0.402144  0.396102  0.414445  1.000000   \n",
       "secsdi2en      -0.030013  0.425523  0.568362  0.785153  0.603584  0.263150   \n",
       "secsdi2ar      -0.034255  0.566538  0.709486  0.756139  0.974437  0.405639   \n",
       "secsar2tr      -0.016963  0.361007  0.391566  0.388878  0.410633  0.998761   \n",
       "secsrt2dsp     -0.012596  0.678129  0.955390  0.857922  0.742509  0.394182   \n",
       "month          -0.002939  0.004359  0.001899  0.005297 -0.000990 -0.003834   \n",
       "dayOfMonth      0.002000 -0.002719 -0.004966 -0.003297 -0.002771  0.000562   \n",
       "hour            0.007878  0.075426  0.103633  0.088526  0.076430  0.002510   \n",
       "callsource_no   0.000169 -0.047073 -0.002071 -0.001698  0.002223  0.031507   \n",
       "city_no        -0.001213  0.043227  0.056848  0.049373  0.046222 -0.029748   \n",
       "service_no      0.021637 -0.447829 -0.550589 -0.539725 -0.522645 -0.662253   \n",
       "agency_no       0.005367  0.257163  0.077411 -0.080272 -0.060257  0.241442   \n",
       "district_no    -0.006050 -0.042600 -0.025463  0.014525  0.047294  0.096237   \n",
       "gp_no          -0.002966  0.056387  0.066535  0.063267  0.053653  0.052205   \n",
       "primeunit_no    0.006795  0.004889  0.017731  0.015028 -0.000502  0.034906   \n",
       "firstdisp_no    0.011135  0.020142  0.020045  0.014232  0.013059  0.077104   \n",
       "nature_no      -0.026042  0.069001  0.115653  0.107323  0.140229  0.012510   \n",
       "\n",
       "               secsdi2en  secsdi2ar  secsar2tr  secsrt2dsp    ...      \\\n",
       "dayOfWeek      -0.030013  -0.034255  -0.016963   -0.012596    ...       \n",
       "secs2rt         0.425523   0.566538   0.361007    0.678129    ...       \n",
       "secs2di         0.568362   0.709486   0.391566    0.955390    ...       \n",
       "secs2en         0.785153   0.756139   0.388878    0.857922    ...       \n",
       "secs2ar         0.603584   0.974437   0.410633    0.742509    ...       \n",
       "secs2tr         0.263150   0.405639   0.998761    0.394182    ...       \n",
       "secsdi2en       1.000000   0.637428   0.268322    0.530933    ...       \n",
       "secsdi2ar       0.637428   1.000000   0.406508    0.673674    ...       \n",
       "secsar2tr       0.268322   0.406508   1.000000    0.380555    ...       \n",
       "secsrt2dsp      0.530933   0.673674   0.380555    1.000000    ...       \n",
       "month           0.003561  -0.000364  -0.003492    0.001258    ...       \n",
       "dayOfMonth     -0.000342  -0.001880   0.000586   -0.004782    ...       \n",
       "hour            0.040974   0.067986   0.001023    0.106257    ...       \n",
       "callsource_no  -0.004744   0.000791   0.031198    0.017107    ...       \n",
       "city_no         0.048300   0.041599  -0.029954    0.051769    ...       \n",
       "service_no     -0.415278  -0.528421  -0.661873   -0.539792    ...       \n",
       "agency_no      -0.268946  -0.073717   0.241517    0.029785    ...       \n",
       "district_no     0.054255   0.066845   0.098405   -0.014852    ...       \n",
       "gp_no           0.047886   0.056193   0.052425    0.064811    ...       \n",
       "primeunit_no   -0.008271  -0.008378   0.032599    0.023240    ...       \n",
       "firstdisp_no   -0.000682   0.014124   0.076747    0.020399    ...       \n",
       "nature_no       0.085628   0.132852   0.012119    0.100926    ...       \n",
       "\n",
       "                   hour  callsource_no   city_no  service_no  agency_no  \\\n",
       "dayOfWeek      0.007878       0.000169 -0.001213    0.021637   0.005367   \n",
       "secs2rt        0.075426      -0.047073  0.043227   -0.447829   0.257163   \n",
       "secs2di        0.103633      -0.002071  0.056848   -0.550589   0.077411   \n",
       "secs2en        0.088526      -0.001698  0.049373   -0.539725  -0.080272   \n",
       "secs2ar        0.076430       0.002223  0.046222   -0.522645  -0.060257   \n",
       "secs2tr        0.002510       0.031507 -0.029748   -0.662253   0.241442   \n",
       "secsdi2en      0.040974      -0.004744  0.048300   -0.415278  -0.268946   \n",
       "secsdi2ar      0.067986       0.000791  0.041599   -0.528421  -0.073717   \n",
       "secsar2tr      0.001023       0.031198 -0.029954   -0.661873   0.241517   \n",
       "secsrt2dsp     0.106257       0.017107  0.051769   -0.539792   0.029785   \n",
       "month          0.004520       0.000705 -0.003082    0.000427   0.003968   \n",
       "dayOfMonth     0.002132      -0.003004 -0.000333    0.001875   0.002294   \n",
       "hour           1.000000      -0.009008  0.027542   -0.024343  -0.018867   \n",
       "callsource_no -0.009008       1.000000 -0.045341   -0.011748  -0.014540   \n",
       "city_no        0.027542      -0.045341  1.000000    0.054190  -0.039917   \n",
       "service_no    -0.024343      -0.011748  0.054190    1.000000  -0.318793   \n",
       "agency_no     -0.018867      -0.014540 -0.039917   -0.318793   1.000000   \n",
       "district_no   -0.018012       0.045779 -0.248565   -0.173003  -0.074379   \n",
       "gp_no          0.000019       0.031040 -0.172707   -0.079428   0.010961   \n",
       "primeunit_no   0.002309      -0.007134  0.010279   -0.026866   0.006195   \n",
       "firstdisp_no  -0.017523      -0.005692  0.001051   -0.122629   0.067975   \n",
       "nature_no      0.033406      -0.010963  0.017139   -0.012185  -0.059892   \n",
       "\n",
       "               district_no     gp_no  primeunit_no  firstdisp_no  nature_no  \n",
       "dayOfWeek        -0.006050 -0.002966      0.006795      0.011135  -0.026042  \n",
       "secs2rt          -0.042600  0.056387      0.004889      0.020142   0.069001  \n",
       "secs2di          -0.025463  0.066535      0.017731      0.020045   0.115653  \n",
       "secs2en           0.014525  0.063267      0.015028      0.014232   0.107323  \n",
       "secs2ar           0.047294  0.053653     -0.000502      0.013059   0.140229  \n",
       "secs2tr           0.096237  0.052205      0.034906      0.077104   0.012510  \n",
       "secsdi2en         0.054255  0.047886     -0.008271     -0.000682   0.085628  \n",
       "secsdi2ar         0.066845  0.056193     -0.008378      0.014124   0.132852  \n",
       "secsar2tr         0.098405  0.052425      0.032599      0.076747   0.012119  \n",
       "secsrt2dsp       -0.014852  0.064811      0.023240      0.020399   0.100926  \n",
       "month            -0.001143  0.000983     -0.000548     -0.002789   0.001048  \n",
       "dayOfMonth        0.000897  0.000224      0.000596      0.000041  -0.004044  \n",
       "hour             -0.018012  0.000019      0.002309     -0.017523   0.033406  \n",
       "callsource_no     0.045779  0.031040     -0.007134     -0.005692  -0.010963  \n",
       "city_no          -0.248565 -0.172707      0.010279      0.001051   0.017139  \n",
       "service_no       -0.173003 -0.079428     -0.026866     -0.122629  -0.012185  \n",
       "agency_no        -0.074379  0.010961      0.006195      0.067975  -0.059892  \n",
       "district_no       1.000000  0.122722      0.017578      0.026739  -0.026143  \n",
       "gp_no             0.122722  1.000000     -0.034982      0.011773   0.001814  \n",
       "primeunit_no      0.017578 -0.034982      1.000000      0.006410  -0.019384  \n",
       "firstdisp_no      0.026739  0.011773      0.006410      1.000000  -0.011170  \n",
       "nature_no        -0.026143  0.001814     -0.019384     -0.011170   1.000000  \n",
       "\n",
       "[22 rows x 22 columns]"
      ]
     },
     "execution_count": 24,
     "metadata": {},
     "output_type": "execute_result"
    }
   ],
   "source": [
    "copy_data = filtered_calls.copy(deep=True)\n",
    "copy_data = copy_data.drop(columns=['callsource', 'city', 'service', 'agency', 'district', \n",
    "                    'gp', 'primeunit', 'firstdisp', 'nature'])\n",
    "#eliminate data that is non related or cannot be known for our prediction\n",
    "copy_data = copy_data.drop(columns=['secs2lc', 'secsar2lc', \n",
    "                                    'secstr2lc', 'cancelled', 'rptonly', 'closecode'])\n",
    "copy_data.corr()"
   ]
  },
  {
   "cell_type": "code",
   "execution_count": 61,
   "metadata": {},
   "outputs": [
    {
     "data": {
